
1 0 0 
2 1 10 
3 1 10 
1 0 0 
4 2 20 
5 2 20 
6 3 20 
1 0 0 
7 3 20 
2 1 10 
3 1 10 
2 1 10 
8 4 30 
9 5 30 
10 5 30 
2 1 10 
11 5 30 
3 1 10 
12 6 30 
13 6 30 
14 6 30 
2 1 10 
3 1 10 
15 7 30 
3 1 10 
1 0 0 
4 2 20 
5 2 20 
6 3 20 
1 0 0 
7 3 20 
1 0 0 
4 2 20 
5 2 20 
16 8 40 
4 2 20 
17 8 40 
5 2 20 
18 9 40 
19 9 40 
5 2 20 
20 10 40 
21 10 40 
1 0 0 
4 2 20 
5 2 20 
22 11 40 
23 11 40 
5 2 20 
6 3 20 
1 0 0 
7 3 20 
6 3 20 
24 12 40 
25 12 40 
26 13 40 
27 13 40 
6 3 20 
28 14 40 
29 14 40 
6 3 20 
1 0 0 
4 2 20 
5 2 20 
6 3 20 
1 0 0 
7 3 20 
7 3 20 
30 15 40 
31 15 40 
6 3 20 
1 0 0 
7 3 20 
2 1 10 
3 1 10 
2 1 10 
8 4 30 
9 5 30 
10 5 30 
2 1 10 
11 5 30 
3 1 10 
12 6 30 
13 6 30 
14 6 30 
2 1 10 
3 1 10 
15 7 30 
3 1 10 
2 1 10 
3 1 10 
2 1 10 
8 4 30 
9 5 30 
10 5 30 
2 1 10 
11 5 30 
32 16 50 
8 4 30 
33 16 50 
34 16 50 
2 1 10 
8 4 30 
35 17 50 
8 4 30 
9 5 30 
10 5 30 
2 1 10 
11 5 30 
36 18 50 
9 5 30 
37 19 50 
9 5 30 
9 5 30 
10 5 30 
2 1 10 
11 5 30 
38 20 50 
10 5 30 
39 21 50 
10 5 30 
2 1 10 
3 1 10 
2 1 10 
8 4 30 
9 5 30 
10 5 30 
2 1 10 
11 5 30 
11 5 30 
40 22 50 
11 5 30 
41 23 50 
9 5 30 
10 5 30 
2 1 10 
11 5 30 
3 1 10 
12 6 30 
13 6 30 
14 6 30 
2 1 10 
3 1 10 
15 7 30 
3 1 10 
3 1 10 
12 6 30 
13 6 30 
14 6 30 
42 24 50 
12 6 30 
43 25 50 
12 6 30 
13 6 30 
44 26 50 
13 6 30 
45 27 50 
3 1 10 
12 6 30 
13 6 30 
14 6 30 
14 6 30 
46 28 50 
14 6 30 
47 29 50 
3 1 10 
12 6 30 
13 6 30 
14 6 30 
2 1 10 
3 1 10 
2 1 10 
8 4 30 
9 5 30 
10 5 30 
2 1 10 
11 5 30 
3 1 10 
12 6 30 
13 6 30 
14 6 30 
2 1 10 
3 1 10 
15 7 30 
3 1 10 
15 7 30 
3 1 10 
15 7 30 
48 30 50 
49 31 50 
50 31 50 
51 31 50 
15 7 30 
3 1 10 
12 6 30 
13 6 30 
14 6 30 
2 1 10 
3 1 10 
15 7 30 
3 1 10 
1 0 0 
4 2 20 
5 2 20 
6 3 20 
1 0 0 
7 3 20 
1 0 0 
4 2 20 
5 2 20 
16 8 40 
4 2 20 
17 8 40 
5 2 20 
18 9 40 
19 9 40 
5 2 20 
20 10 40 
21 10 40 
1 0 0 
4 2 20 
5 2 20 
22 11 40 
23 11 40 
5 2 20 
6 3 20 
1 0 0 
7 3 20 
6 3 20 
24 12 40 
25 12 40 
26 13 40 
27 13 40 
6 3 20 
28 14 40 
29 14 40 
6 3 20 
1 0 0 
4 2 20 
5 2 20 
6 3 20 
1 0 0 
7 3 20 
7 3 20 
30 15 40 
31 15 40 
6 3 20 
1 0 0 
7 3 20 
1 0 0 
4 2 20 
5 2 20 
6 3 20 
1 0 0 
7 3 20 
1 0 0 
4 2 20 
5 2 20 
16 8 40 
4 2 20 
17 8 40 
5 2 20 
18 9 40 
19 9 40 
5 2 20 
20 10 40 
21 10 40 
1 0 0 
4 2 20 
5 2 20 
22 11 40 
23 11 40 
5 2 20 
16 8 40 
52 32 60 
53 32 60 
16 8 40 
4 2 20 
17 8 40 
54 33 60 
55 33 60 
16 8 40 
56 34 60 
57 34 60 
16 8 40 
1 0 0 
4 2 20 
5 2 20 
16 8 40 
4 2 20 
17 8 40 
58 35 60 
17 8 40 
59 35 60 
16 8 40 
4 2 20 
17 8 40 
5 2 20 
18 9 40 
19 9 40 
5 2 20 
20 10 40 
21 10 40 
1 0 0 
4 2 20 
5 2 20 
22 11 40 
23 11 40 
5 2 20 
18 9 40 
60 36 60 
61 36 60 
5 2 20 
18 9 40 
19 9 40 
19 9 40 
62 37 60 
63 37 60 
5 2 20 
18 9 40 
19 9 40 
5 2 20 
18 9 40 
19 9 40 
5 2 20 
20 10 40 
21 10 40 
1 0 0 
4 2 20 
5 2 20 
22 11 40 
23 11 40 
5 2 20 
64 38 60 
20 10 40 
65 38 60 
5 2 20 
20 10 40 
21 10 40 
66 39 60 
21 10 40 
67 39 60 
5 2 20 
20 10 40 
21 10 40 
1 0 0 
4 2 20 
5 2 20 
6 3 20 
1 0 0 
7 3 20 
1 0 0 
4 2 20 
5 2 20 
16 8 40 
4 2 20 
17 8 40 
5 2 20 
18 9 40 
19 9 40 
5 2 20 
20 10 40 
21 10 40 
1 0 0 
4 2 20 
5 2 20 
22 11 40 
23 11 40 
5 2 20 
22 11 40 
23 11 40 
5 2 20 
68 40 60 
69 40 60 
22 11 40 
22 11 40 
23 11 40 
5 2 20 
70 41 60 
71 41 60 
23 11 40 
5 2 20 
18 9 40 
19 9 40 
5 2 20 
20 10 40 
21 10 40 
1 0 0 
4 2 20 
5 2 20 
22 11 40 
23 11 40 
5 2 20 
6 3 20 
1 0 0 
7 3 20 
6 3 20 
24 12 40 
25 12 40 
26 13 40 
27 13 40 
6 3 20 
28 14 40 
29 14 40 
6 3 20 
1 0 0 
4 2 20 
5 2 20 
6 3 20 
1 0 0 
7 3 20 
7 3 20 
30 15 40 
31 15 40 
6 3 20 
1 0 0 
7 3 20 
6 3 20 
1 0 0 
7 3 20 
6 3 20 
24 12 40 
25 12 40 
26 13 40 
27 13 40 
6 3 20 
28 14 40 
29 14 40 
6 3 20 
72 42 60 
24 12 40 
73 42 60 
6 3 20 
24 12 40 
25 12 40 
74 43 60 
25 12 40 
75 43 60 
6 3 20 
24 12 40 
25 12 40 
26 13 40 
27 13 40 
6 3 20 
61 36 60 
26 13 40 
76 44 60 
26 13 40 
27 13 40 
6 3 20 
77 45 60 
27 13 40 
78 45 60 
6 3 20 
1 0 0 
7 3 20 
6 3 20 
24 12 40 
25 12 40 
26 13 40 
27 13 40 
6 3 20 
28 14 40 
29 14 40 
6 3 20 
28 14 40 
29 14 40 
6 3 20 
79 46 60 
80 46 60 
28 14 40 
28 14 40 
29 14 40 
6 3 20 
81 47 60 
82 47 60 
29 14 40 
6 3 20 
1 0 0 
7 3 20 
6 3 20 
24 12 40 
25 12 40 
26 13 40 
27 13 40 
6 3 20 
28 14 40 
29 14 40 
6 3 20 
1 0 0 
4 2 20 
5 2 20 
6 3 20 
1 0 0 
7 3 20 
1 0 0 
4 2 20 
5 2 20 
16 8 40 
4 2 20 
17 8 40 
5 2 20 
18 9 40 
19 9 40 
5 2 20 
20 10 40 
21 10 40 
1 0 0 
4 2 20 
5 2 20 
22 11 40 
23 11 40 
5 2 20 
6 3 20 
1 0 0 
7 3 20 
6 3 20 
24 12 40 
25 12 40 
26 13 40 
27 13 40 
6 3 20 
28 14 40 
29 14 40 
6 3 20 
1 0 0 
4 2 20 
5 2 20 
6 3 20 
1 0 0 
7 3 20 
7 3 20 
30 15 40 
31 15 40 
6 3 20 
1 0 0 
7 3 20 
7 3 20 
30 15 40 
31 15 40 
6 3 20 
1 0 0 
7 3 20 
7 3 20 
30 15 40 
31 15 40 
83 48 60 
84 48 60 
30 15 40 
31 15 40 
85 49 60 
86 49 60 
31 15 40 
87 50 60 